"","year1","IBT_ag","IST","IBR","BT_ag","ST","BR","IBT_ag_m2","IST_m2","IBR_m2","BT_m2","ST_m2","BR_m2"
"1",1965,10.9736007948869,2.24032047977116,1.13774661134086,10.9736007948869,2.24032047977116,1.13774661134086,0.0431696427563674,0.00881331812403436,0.00447584304157828,0.0431696427563674,0.00881331812403436,0.00447584304157828
"2",1966,46.0230149650941,11.2300047504291,5.43581946096653,56.996615759981,13.4703252302002,6.57356607230739,0.181052432264513,0.0441783241699681,0.0213842647098457,0.22422207502088,0.0529916422940024,0.025860107751424
"3",1967,202.500596482676,56.3023991597154,26.3060283093414,259.497212242657,69.7727243899156,32.8795943816488,0.79662806871758,0.22149105872193,0.103486710121831,1.02085014373846,0.274482701015933,0.129346817873255
"4",1968,600.690758693395,195.370435418909,87.4890719652193,860.187970936053,265.143159808824,120.368666346868,2.36308992322082,0.768578341770921,0.344178000678178,3.38394006695928,1.04306104278685,0.473524818551433
"5",1969,1332.40114092345,470.881707034892,206.226618004854,2192.58911185951,736.024866843716,326.595284351723,5.24160504258936,1.85242706137774,0.811286066672992,8.62554510954864,2.89548810416459,1.28481088522443
"6",1970,2763.83921821351,1048.29548923484,450.61946681428,5095.89816295437,1828.75024572681,797.244067417203,10.8728168553305,4.12394642554026,1.77271633669245,20.0470298974309,7.19421967996413,3.13632163437823
"7",1971,5315.66500770374,2203.20699783636,925.163700735954,10814.2140088347,4178.05979163563,1786.00517089924,20.9115825957526,8.66731538650845,3.63955161103904,42.5426224425645,16.4362957966991,7.02606251401729
"8",1972,8471.98092981874,3656.27697856327,1518.79265012823,19293.3598081596,7835.92204789984,3305.5861052423,33.3283848223679,14.3836261162746,5.97486070001585,75.8991935333009,30.8261583228175,13.0040242880179
"9",1973,14175.9882253938,6456.43406920146,2643.86691418901,34262.7153273182,14584.6710811155,6076.087857447,55.7676881861665,25.3993158177702,10.4008513079954,134.787952303917,57.3754278162048,23.9030512468166
"10",1974,19515.3034895246,9365.89269964954,3782.05304449423,53876.5046805594,23980.6256433099,9871.84965788265,76.7723098071339,36.8449927690765,14.8784233970423,211.947700986646,94.3386825752066,38.8354042616468
"11",1975,21976.0325079501,10967.8286958866,4383.34743064622,75852.5371885095,34948.4543391965,14255.1970885289,86.4527050239121,43.146935583357,17.2438879630292,298.400406010558,137.485618158564,56.0792922246761
"12",1976,32186.0093591553,16540.5458582895,6559.77107655369,109757.922876161,52234.600989343,21124.3276907585,126.618286172324,65.0697495784955,25.8058388701658,431.782639883577,205.488527091492,83.1021372951158
"13",1977,50485.31195261,27151.4460583975,10638.3766610022,160243.234828771,79386.0470477404,31762.7043517607,198.606904167084,106.812544812633,41.8508863724231,630.389544050661,312.301071904124,124.953023667539
"14",1978,63126.9572159549,35474.5124374271,13737.0205264612,225359.559037753,115738.826355186,45862.3780519761,248.338557438598,139.555106614922,54.0408093704786,886.554180094226,455.311240146686,180.420494008109
"15",1979,70146.8836993771,40893.2005293855,15679.585983868,295506.442737131,156632.026884571,61541.9640358442,275.954626596727,160.871977303988,61.6827728785905,1162.50880669095,616.183217450674,242.1032668867
"16",1980,66877.8898610622,40059.3236559085,15249.0610229228,362384.332598193,196691.35054048,76791.025058767,263.094554610276,157.591543888953,59.9891074073292,1425.60336130123,773.774761339627,302.092374294029
"17",1981,63390.2135567444,38933.6641299183,14720.5820814537,425774.546154937,235625.014670398,91511.6071402207,249.37419582181,153.163250887358,57.9100954645845,1674.97755712304,926.938012226984,360.002469758613
"18",1982,57010.5673318448,35523.6730033752,13380.2333551685,482785.113486782,271148.687673773,104891.840495389,224.276959865382,139.748502029003,52.6372249853115,1899.25451698842,1066.68651425599,412.639694743925
"19",1983,67454.5592320774,42933.7162620061,16079.0567957716,550239.672718859,314082.403935779,120970.897291161,265.363145494944,168.899272707063,63.2542727503108,2164.61766248337,1235.58578696305,475.893967494236
"20",1984,67371.7750628672,43343.6820958987,16186.1252537721,617611.447781726,357426.086031678,137157.022544933,265.037476366142,170.512059514444,63.6754751585947,2429.65513884951,1406.09784647749,539.569442652831
"21",1985,81523.4503964007,53263.0158568222,19807.910391934,699134.898178127,410689.1018885,156964.932936867,320.709518749659,209.534264061904,77.9234119550221,2750.36465759917,1615.6321105394,617.492854607853
"22",1986,69111.8022917802,46004.8958694203,17023.0017968593,768246.700469907,456693.997757921,173987.934733726,271.882663762929,180.981152572284,66.9677091364423,3022.2473213621,1796.61326311168,684.460563744295
"23",1987,56604.2166377062,37910.3560423557,14005.2608714406,824850.917107614,494604.353800276,187993.195605167,222.67839485216,149.137603755163,55.0960545978247,3244.92571621426,1945.75086686685,739.55661834212
"24",1988,59360.3895211987,40202.2626500853,14807.3671433011,884211.306628812,534806.616450362,202800.562748468,233.521052697942,158.153859343096,58.2515039217142,3478.4467689122,2103.90472620994,797.808122263834
"25",1989,57870.2035611575,39477.3839727851,14511.9284196741,942081.51018997,574284.000423147,217312.491168142,227.658729406074,155.302219837918,57.0892615188997,3706.10549831827,2259.20694604786,854.897383782734
"26",1990,66481.8496118538,45627.4169503509,16745.757774334,1008563.35980182,619911.417373498,234058.248942476,261.536550415023,179.496167799384,65.8770438541465,3967.64204873329,2438.70311384724,920.77442763688
"27",1991,72145.8586781723,50253.5971778815,18370.185129918,1080709.21848,670165.014551379,252428.434072394,283.8185025775,197.695348859635,72.267466645625,4251.4605513108,2636.39846270688,993.041894282505
"28",1992,55863.6457381288,39144.817830643,14286.4023225765,1136572.86421812,709309.832382022,266714.83639497,219.765022863504,153.993919871709,56.2020521857085,4471.2255741743,2790.39238257859,1049.24394646821
"29",1993,50901.145947374,35656.0470467574,13014.2856687372,1187474.0101655,744965.879428779,279729.122063708,200.242776050475,140.269255450768,51.1976035532907,4671.46835022477,2930.66163802936,1100.4415500215
"30",1994,41522.680907833,29395.6877640303,10698.7820876272,1228996.69107333,774361.56719281,290427.904151335,163.348324272285,115.64128885955,42.0885185532076,4834.81667449706,3046.30292688891,1142.53006857471
"31",1995,21051.1899712683,15064.2559273827,5467.1215130906,1250047.8810446,789425.823120193,295895.025664425,82.8144168575475,59.2620926285761,21.5074055487549,4917.63109135461,3105.56501951748,1164.03747412347
"32",1996,46062.3436187928,32914.5183900559,11950.2321910779,1296110.22466339,822340.341510248,307845.257855503,181.207149386267,129.484207322237,47.0116659232629,5098.83824074087,3235.04922683972,1211.04914004673
"33",1997,49261.8937649621,35217.8804139973,12784.3707443731,1345372.11842836,857558.221924246,320629.628599877,193.794033069476,138.545527992701,50.2931287747133,5292.63227381035,3373.59475483242,1261.34226882144
"34",1998,64077.043373568,45942.6307981744,16664.3231636498,1409449.16180192,903500.85272242,337293.951763526,252.076152853135,180.736204634763,65.5566838267545,5544.70842666348,3554.33095946718,1326.8989526482
"35",1999,32674.239100164,23444.2207122858,8502.13938120815,1442123.40090209,926945.073434706,345796.091144735,128.538959604531,92.2284901526927,33.4470267883826,5673.24738626801,3646.55944961988,1360.34597943658
"36",2000,93659.7329520001,67739.2998323853,24513.2214151126,1535783.13385409,994684.373267091,370309.312559847,368.453098282795,266.483301970771,96.4338899398657,6041.70048455081,3913.04275159065,1456.77986937645
"37",2001,99270.7360611857,72403.8344467092,26141.7650483833,1635053.86991527,1067088.2077138,396451.07760823,390.526527438453,284.833367431407,102.840505979171,6432.22701198926,4197.87611902205,1559.62037535562
"38",2002,65552.5275018851,47927.9826309129,17293.0738578055,1700606.39741716,1115016.19034471,413744.151466036,257.880639812585,188.546487783112,68.030160250479,6690.10765180185,4386.42260680517,1627.6505356061
"39",2003,82199.9178411522,60194.9083002786,21709.4162258209,1782806.31525831,1175211.09864499,435453.567691857,323.370710684019,236.804011340209,85.4038487854099,7013.47836248587,4623.22661814538,1713.05438439151
"40",2004,84299.4056587327,62324.7491919812,22420.1450090833,1867105.72091704,1237535.84783697,457873.71270094,331.629999567439,245.182707826557,88.1998232557407,7345.10836205331,4868.40932597193,1801.25420764725
"41",2005,32165.1380515966,23745.4220338166,8545.40460228944,1899270.85896864,1261281.26987079,466419.11730323,126.536179404636,93.4134023516392,33.6172301858603,7471.64454145794,4961.82272832357,1834.87143783311
"42",2006,35289.5648379095,26261.6973465636,9430.87812299497,1934560.42380655,1287542.96721735,475849.995426225,138.827531232051,103.312314145348,37.1006424471203,7610.47207268999,5065.13504246892,1871.97208028023
"43",2007,30162.0128451509,22457.6145670583,8063.66235682316,1964722.4366517,1310000.58178441,483913.657783048,118.655976618434,88.3472267800946,31.7220782638841,7729.12804930843,5153.48226924901,1903.69415854411
"44",2008,57147.6411239587,42762.7596339213,15333.929815641,2021870.07777566,1352763.34141833,499247.587598689,224.816201883332,168.226737164792,60.3229773495016,7953.94425119176,5321.70900641381,1964.01713589361
"45",2009,51192.4386587826,38557.3921408728,13801.7995622886,2073062.51643444,1391320.73355921,513049.387160977,201.388708231178,151.683014121875,54.2956471294823,8155.33295942294,5473.39202053568,2018.3127830231
"46",2010,50930.1070955967,38394.0252092716,13739.9177477019,2123241.17399666,1429420.38502367,526663.779953119,200.356707880688,151.040336097838,54.0522069060993,8352.73349926803,5623.27430380858,2071.87118050512
"47",2011,66210.3455758181,50123.3736140984,17917.5508383195,2189451.51957248,1479543.75863777,544581.330791438,260.468465976592,197.183055326085,70.4868240805432,8613.20196524462,5820.45735913466,2142.35800458566
"48",2012,24825.735379899,18833.8450436233,6728.78883734402,2214277.25495238,1498377.60368139,551310.119628782,97.6633055590754,74.0914835029207,26.4707469973321,8710.8652708037,5894.54884263759,2168.82875158299
"49",2013,70051.9583556764,53188.0397783756,18998.4528495404,2284329.21330806,1551565.64345977,570308.572478322,275.581194643744,209.239311604428,74.7390430696638,8986.44646544744,6103.78815424201,2243.56779465266
"50",2014,44338.3348864204,33865.8625851466,12077.3337702295,2313405.42847208,1576778.31185764,579045.404817468,174.424978020961,133.226751798572,47.5116777123103,9100.83096373564,6202.97363656595,2277.93809278478
"51",2015,31515.2755752012,24162.6933476383,8608.21541620397,2299951.28542549,1571827.11713608,576808.517840712,123.979650196846,95.0549285823506,33.8643250500357,9047.90298141054,6183.49586337716,2269.1382819043
"52",2016,26721.3006224117,20492.8907506951,7300.1229839766,2326672.5860479,1592320.00788678,584108.640824688,105.120372375173,80.6180933030642,28.7183493537196,9153.02335378571,6264.11395668023,2297.85663125802
"53",2017,33413.990514723,25876.2044206282,9194.07833441045,2360086.57656262,1618196.2123074,593302.719159099,131.44910777667,101.79580263661,36.169082928139,9284.47246156238,6365.90975931684,2334.02571418616
"54",2018,49602.6051295316,38517.5503946085,13675.8582883446,2382224.85070097,1641074.99240319,600950.245970836,195.134375967529,151.526278517476,53.8001999279606,9371.56341772697,6455.91383199067,2364.1107342815
