"","year1","IBT_ag","IST","IBR","BT_ag","ST","BR","IBT_ag_m2","IST_m2","IBR_m2","BT_m2","ST_m2","BR_m2"
"1",1969,0.242693603825622,0.0354363646319053,0.0197055200883531,0.242693603825622,0.0354363646319053,0.0197055200883531,0.000951521686021827,0.000138934314252723,7.72588539740791e-05,0.000951521686021827,0.000138934314252723,7.72588539740791e-05
"2",1970,84.8204772139394,34.6743348716617,14.6192624653107,522.536765581506,195.072704164748,84.2528220718591,0.332553154329414,0.13594664654811,0.0573173130651723,2.04869455295474,0.764815823069838,0.330327565482584
"3",1971,72.0434245443678,29.345960093797,12.3704554983632,594.580190125874,224.418664258545,96.6232775702223,0.282458539115426,0.115055844019862,0.0485004816242208,2.33115309207017,0.8798716670897,0.378828047106805
"4",1972,134.63139031726,52.5353245448209,22.3609658680325,729.211580443135,276.953988803366,118.984243438255,0.527845338677269,0.205973704286451,0.0876699822674952,2.85899843074743,1.08584537137615,0.4664980293743
"5",1973,233.842855043636,88.1469971079735,37.8721963479601,1234.73974485443,459.033663996524,198.279495935775,0.916820815167226,0.345595343197443,0.148484408135672,4.84100786053766,1.79971980728664,0.777388597401711
"6",1974,401.632669630404,148.292140083103,64.1162762550366,1698.79854256051,625.343400724779,270.736798773615,1.5746694142082,0.58140463914757,0.251378801591609,6.66042956200046,2.45176550852901,1.06146981698916
"7",1975,1971.74474774287,955.51558609171,384.153379325878,6780.90736076252,3031.48471549483,1245.1033118408,7.73056173381899,3.74626190046353,1.50613887397617,26.5857043735958,11.885453106995,4.88163999330353
"8",1976,2182.48156382129,1034.77422197679,417.980724664361,8963.38892458381,4066.25893747162,1663.08403650516,8.55679138050503,4.05700890681377,1.6387647535327,35.1424957541009,15.9424620138087,6.52040474683623
"9",1977,3639.27190218722,1664.33143074265,679.922432591291,14515.0188391983,6511.1615793201,2672.1203447674,14.2683864826909,6.52529536879444,2.66575191609984,56.9086081413012,25.5281200091567,10.4765037711219
"10",1978,6068.26899955967,2854.61145649328,1158.12348361162,21933.8268349427,9918.01936938862,4062.89842915039,23.7916840768649,11.1919913141648,4.54062073485622,85.9953108030453,38.8852873071123,15.9292865675122
"11",1979,10286.1261558357,5253.96484189256,2084.91438345906,39337.9547423002,18751.5494027509,7574.22100038523,40.3285127755835,20.5990656772687,8.17426260143856,154.231164031576,73.5186491195999,29.6960258654646
"12",1980,9384.28714467519,4827.30520884644,1911.8629080974,49554.7797570234,23900.2277534088,9623.59035305067,36.7926990462844,18.9262737824926,7.49578476350175,194.28796985817,93.704921142336,37.730928108421
"13",1981,18600.7644551723,9767.76634999578,3847.79503418387,68302.1676560829,33714.9906076293,13492.5367764134,72.9274710033041,38.2961947060346,15.0859370032006,267.790303092447,132.185373662471,52.8997927420821
"14",1982,28674.7076856582,15595.2243708618,6088.01569927656,101739.395908497,51450.0934951917,20459.8068369858,112.424084414045,61.1437382499511,23.8691043825994,398.886662045089,201.718870777084,80.2161638804356
"15",1983,35864.4922854838,20285.5821753454,7836.76242154693,142327.634878986,74054.738136927,29227.1874470011,140.612861772493,79.5330863655055,30.7253643061012,558.019778736561,290.34423725721,114.59017559123
"16",1984,38549.8665233442,22265.7791778998,8552.72842911853,180895.767533524,96325.0509489604,37782.1016170338,151.141329693075,87.2967866065706,33.5324312082365,709.232723913837,377.658798750002,148.131176369687
"17",1985,50101.1950855988,29502.0920548981,11273.536441883,231902.325635737,126190.01862169,49209.4236994868,196.430284391881,115.667986015065,44.1998232896014,909.212638499719,494.749500544357,192.933942504482
"18",1986,57001.1463552647,34297.9115448852,13031.023761954,288903.471991002,160487.930166575,62240.4474614408,223.482720723488,134.470814664178,51.0903522182398,1132.69535922321,629.220315208535,244.024294722722
"19",1987,75648.1903990743,46177.4857257078,17480.8207673142,364551.662390076,206665.415892283,79721.268228755,296.591638751001,181.046712321042,68.5365406725406,1429.28699797421,810.267027529577,312.560835395263
"20",1988,75858.0635606931,47611.7521587442,17893.3150672869,440409.725950769,254277.168051027,97614.5832960419,297.414482293007,186.669998608998,70.1537949618889,1726.70148026722,996.937026138575,382.714630357152
"21",1989,83206.7585733047,53151.0110582459,19882.8801252849,523616.484524074,307428.179109273,117497.463421327,326.226295040593,208.387608320511,77.9542242628467,2052.92777530781,1205.32463445909,460.668854619998
"22",1990,85136.5691869233,55405.2660270318,20624.8754398471,608753.053710997,362833.445136305,138122.338861174,333.792446846112,217.225799582294,80.8633435045709,2386.72022215392,1422.55043404138,541.532198124569
"23",1991,85064.0877777275,56477.5134589626,20911.7521599204,693817.141488725,419310.958595268,159034.091021094,333.508271113434,221.429728603004,81.988092637064,2720.22849326735,1643.98016264438,623.520290761633
"24",1992,97900.4628083942,66037.9879865719,24348.6749821688,791717.604297119,485348.94658184,183382.766003263,383.835469766615,258.913200347962,95.4631350238526,3104.06396303397,1902.89336299235,718.983425785486
"25",1993,102980.81804481,70529.9706934949,25898.8187326851,894698.422341928,555878.917275335,209281.584735948,403.753869361593,276.524785043631,101.54073810781,3507.81783239556,2179.41814803598,820.524163893296
"26",1994,91370.8951718236,63486.9053144752,23223.4914439713,986069.317513752,619365.82258981,232505.076179919,358.235185669275,248.911245425908,91.051660965727,3866.05301806484,2428.32939346189,911.575824859023
"27",1995,17827.8466918497,12523.9328640274,4567.38188609681,1003897.1642056,631889.755453837,237072.458066016,69.8971150247371,49.1022158250444,17.9072000434219,3935.95013308958,2477.43160928693,929.483024902445
"28",1996,86189.4112757442,60714.7341668045,22127.5339001506,1090086.57548135,692604.489620642,259199.991966167,337.920293907913,238.042475409752,86.7547724055576,4273.87042699749,2715.47408469668,1016.237797308
"29",1997,105429.107213274,74568.3477848155,27148.3178653988,1195515.68269462,767172.837405457,286348.309831566,413.3528048124,292.357931521963,106.439612666931,4687.22323180989,3007.83201621865,1122.67740997493
"30",1998,98560.9971623753,70214.8486988948,25512.7613959949,1294076.679857,837387.686104352,311861.071227561,386.425207412223,275.2892954927,100.027134444104,5073.64843922211,3283.12131171135,1222.70454441904
"31",1999,62645.4137838416,44854.0866298547,16273.4831703438,1356722.09364084,882241.772734207,328134.554397904,245.612034291457,175.858100346453,63.8029676085704,5319.26047351357,3458.9794120578,1286.50751202761
"32",2000,106936.288289193,77386.1889713167,27999.0041585474,1463658.38193003,959627.961705523,356133.558556452,419.261965399627,303.405758718299,109.774873436778,5738.5224389132,3762.3851707761,1396.28238546439
"33",2001,99942.8659055747,72901.9615524705,26320.402252238,1563601.2478356,1032529.92325799,382453.96080869,391.84305961625,285.824579952864,103.19362823347,6130.36549852945,4048.20975072896,1499.47601369786
"34",2002,80204.8610850016,58737.9934833732,21183.9789679852,1643806.10892061,1091267.91674137,403637.939776675,314.456843706444,230.292326257582,83.0554042897284,6444.82234223589,4278.50207698654,1582.53141798758
"35",2003,95491.5128028823,70631.8907674493,25407.3574778778,1739297.62172349,1161899.80750882,429045.297254553,374.390770216833,276.924380084786,99.6138803974416,6819.21311245272,4555.42645707133,1682.14529838503
"36",2004,103960.533211418,77322.3919505771,27772.895891362,1843258.15493491,1239222.19945939,456818.193145915,407.595009846786,303.155631612432,108.888377393107,7226.80812229951,4858.58208868376,1791.03367577813
"37",2005,72851.0587243924,54612.7922654345,19574.7061915558,1916109.2136593,1293834.99172483,476392.899337471,285.625006729538,214.118770975537,76.7459757701479,7512.43312902905,5072.7008596593,1867.77965154828
"38",2006,83340.9706363879,62938.024531145,22514.9125223417,1999450.18429569,1356773.01625597,498907.811859812,326.752496335296,246.759264656137,88.273556394529,7839.18562536434,5319.46012431543,1956.05320794281
"39",2007,68262.8603964732,51943.2704292419,18544.7860326363,2067713.04469216,1408716.28668521,517452.597892449,267.63619227392,203.652455100681,72.7079980458273,8106.82181763826,5523.11257941611,2028.76120598864
"40",2008,93958.9600354232,71723.3251687125,25584.4845944243,2161672.00472758,1480439.61185393,543037.082486873,368.382135583602,281.203534892748,100.308337482094,8475.20395322187,5804.31611430886,2129.06954347073
"41",2009,66248.2000753047,50803.1397770552,18099.348666459,2227920.20480289,1531242.75163098,561136.431153332,259.737372711552,199.182378331648,70.9615848441565,8734.94132593342,6003.49849264051,2200.03112831489
"42",2010,90376.0200081187,69739.8783843123,24805.4095533047,2318296.22481101,1600982.63001529,585941.840706637,354.334607828625,273.427093327427,97.2538408452715,9089.27593376204,6276.92558596794,2297.28496916016
"43",2011,99882.4808725808,77549.5060333161,27538.0911698607,2418178.70568359,1678532.13604861,613479.931876497,391.606309790548,304.046071127609,107.967785416363,9480.88224355259,6580.97165709555,2405.25275457652
"44",2012,53118.4726329018,41474.0396441815,14705.2725113037,2433221.48887369,1695853.93644806,619138.757854246,208.260035871728,162.606049382013,57.654530126883,9539.86004188712,6648.88473128132,2427.43914742073
"45",2013,83258.1350331495,64998.504524284,23047.1974287014,2516479.62390684,1760852.44097235,642185.955282947,326.427725218079,254.837728060943,90.3604701967867,9866.28776710519,6903.72245934226,2517.79961761751
"46",2014,73103.2418035132,57349.5046517814,20308.0624802424,2589582.86571035,1818201.94562413,662494.01776319,286.613733522699,224.848518867388,79.6212242367998,10152.9015006279,7128.57097820965,2597.42084185431
"47",2015,60797.4577351052,47855.6805666012,16931.0220870856,2650380.32344546,1866057.62619073,679425.039850275,238.36680727488,187.626361554927,66.3809611313527,10391.2683079028,7316.19733976458,2663.80180298567
"48",2016,68083.3198100567,53936.2541264245,19049.8833122586,2718463.64325551,1919993.88031716,698474.923162534,266.932272768818,211.466287759904,74.6883181182781,10658.2005806716,7527.66362752448,2738.49012110395
"49",2017,68534.8398347844,54569.920949868,19247.8737575458,2786998.4830903,1974563.80126702,717722.79692008,268.702534071255,213.950686667476,75.4645734432897,10926.9031147428,7741.61431419196,2813.95469454724
"50",2018,82766.3457545837,66110.2152123697,23298.2030263292,2869764.82884488,2040674.01647939,741020.999946409,324.499581434592,259.196379511254,91.344580472834,11251.4026961774,8000.81069370321,2905.29927502007
