"","year1","IBT_ag","IST","IBR","BT_ag","ST","BR","IBT_ag_m2","IST_m2","IBR_m2","BT_m2","ST_m2","BR_m2"
"1",1977,207.20403556252,124.939579614953,53.0202295227809,1714.20642945975,1067.46498061243,422.661161305977,0.678333066838779,0.40902025860489,0.173574683519289,5.61187382925913,3.49460758366041,1.38368464206777
"2",1978,831.50720228696,500.411579694303,213.265963783362,6313.21961648979,3924.19006280041,1560.02945454733,2.72214211028557,1.63821964477739,0.698178270865991,20.6678678455956,12.8467955410766,5.10713780930496
"3",1979,1667.34205321631,998.674201279913,430.097778378669,10617.8158590263,6572.28371582591,2636.99886354659,5.45845183640847,3.26940414981718,1.40803022613002,34.7600160162397,21.5159775097409,8.63286046289481
"4",1980,1626.25420744528,968.935703953905,422.165035606615,12244.0700664715,7541.21941977981,3059.16389915321,5.32394072828262,3.17204790847003,1.38206045330005,40.0839567445223,24.688025418211,10.0149209161949
"5",1981,3003.17253093241,1776.35198005483,786.439582874145,15247.242597404,9317.57139983464,3845.60348202735,9.83161948377538,5.81532248223106,2.57460224018399,49.9155762282977,30.503347900442,12.5895231563789
"6",1982,3802.06752342982,2235.94101856665,1002.58528370632,19426.0607193081,11789.1437686507,4940.59899867947,12.4469975524105,7.31989955831385,3.28220803430601,63.5959589713133,38.5946442900198,16.174258680322
"7",1983,3315.9816701258,1948.5278356011,875.341196985316,24249.0447833311,14680.1970052492,6185.58112744798,10.8556766752687,6.37898223823545,2.86564340829267,79.3851764090023,48.0592138533107,20.2500120471631
"8",1984,7250.72575319087,4218.2422048541,1937.05050210093,31499.770536522,18898.4392101033,8122.63162954891,23.7370233818869,13.8094471167965,6.34140838108943,103.122199790889,61.8686609701073,26.5914204282526
"9",1985,4205.04028258797,2449.85959308758,1121.64342555392,37588.5638114815,22526.4555544378,9706.32621983182,13.7662273967045,8.02021430997695,3.67197396850879,123.055353140619,73.7458594364036,31.776031844947
"10",1986,7262.20080279042,4217.32975070684,1944.61622827893,45227.5152127462,26979.416655394,11743.3526810566,23.7745897621259,13.8064599750723,6.36617663537199,148.06332809335,88.3237162427398,38.4447359699561
"11",1987,12441.1373393677,7168.05393629106,3362.62406646726,57668.6525521139,34147.470591685,15105.9767475238,40.7291046405769,23.4663769779859,11.0083719626415,188.792432733927,111.790093220726,49.4531079325976
"12",1988,20215.9416732228,11578.6627626463,5503.44029905249,79391.5966192339,46668.6587553288,20979.0579783595,66.1818273809313,37.9055832592989,18.0168572783129,259.907800877279,152.78126380508,68.6800751694589
"13",1989,36998.4244819057,20927.0827245802,10223.7156421319,116766.771699614,67831.3728301584,31295.1838534372,121.123387770319,68.5099214695075,33.4698326081702,382.264573838202,222.062582105851,102.452435267266
"14",1990,62205.9395125794,34716.9109020226,17466.7698420316,178972.711212193,102548.283732181,48761.9536954687,203.64635085702,113.654295291135,57.1817412848474,585.910924695223,335.716877396987,159.634176552114
"15",1991,41763.9379257856,23089.2436911954,11861.1720330831,221113.399736453,125873.158773626,60715.5359614976,136.724461082779,75.5882839903025,38.8304464228252,723.868770968606,412.076558218553,198.767150464576
"16",1992,53339.1890165377,29245.7477341743,15298.4249513323,274452.588752991,155118.9065078,76013.9609128299,174.61887540006,95.743105092805,50.0831341767419,898.487646368666,507.819663311358,248.850284641318
"17",1993,33765.4190173302,18417.9297218258,9744.26805931525,308218.007770321,173536.836229626,85758.2289721452,110.539353989614,60.2955956871673,31.9002437323671,1009.02700035828,568.115258998526,280.750528373685
"18",1994,34073.3616042362,18518.8828649098,9875.60428249219,342291.369374557,192055.719094536,95633.8332546373,111.547479332439,60.6260904816788,32.3302049674984,1120.57447969072,628.741349480204,313.080733341183
"19",1995,21272.1417334906,11531.4696105431,6184.39090991274,363563.511108048,203587.188705079,101818.22416455,69.6395564938404,37.7510849382935,20.2461155790819,1190.21403618456,666.492434418498,333.326848920265
"20",1996,66886.8772076609,36114.9623078807,19538.6909541669,430450.388315709,239702.151012959,121356.915118717,218.970544779044,118.231158358302,63.964681580519,1409.1845809636,784.7235927768,397.291530500784
"21",1997,78203.1087734357,41967.4893417946,23011.8878605625,508653.497089144,281669.640354754,144368.80297928,256.01699535724,137.390836406531,75.3350407670774,1665.20157632084,922.114429183331,472.626571267862
"22",1998,30900.2352684685,16515.7415117192,9136.60534478914,539553.732357613,298185.381866473,153505.408324069,101.1594745189,54.0683175419168,29.9109112773837,1766.36105083974,976.182746725248,502.537482545245
"23",1999,17947.1731872978,9573.56311873024,5319.17508722917,557500.905544911,307758.944985203,158824.583411298,58.7544590826902,31.3413993760919,17.4136200589775,1825.11550992243,1007.52414610134,519.951102604223
"24",2000,31378.9172391043,16714.7584572651,9315.89390835905,588879.822784015,324473.703442469,168140.477319657,102.726556976055,54.7198481680389,30.4978562219902,1927.84206689849,1062.24399426938,550.448958826213
"25",2001,30586.3943258942,16260.2906170778,9102.12498831764,619466.217109909,340733.994059546,177242.602307975,100.132039466788,53.2320365866819,29.7980314008527,2027.97410636528,1115.47603085606,580.246990227066
"26",2002,37128.302922919,19691.6401163219,11080.194610202,656594.520032828,360425.634175868,188322.796918177,121.548576599144,64.4653980552409,36.2737258987456,2149.52268296442,1179.9414289113,616.520716125811
"27",2003,29893.4937423233,15815.6067309275,8947.31917212871,686488.013775152,376241.240906796,197270.116090305,97.8636600088686,51.7762551708071,29.2912367152433,2247.38634297329,1231.71768408211,645.811952841055
"28",2004,54958.3311283189,29015.9521258437,16490.7929971794,741446.34490347,405257.193032639,213760.909087485,179.919532944449,94.9908129894113,53.9866424802566,2427.30587591774,1326.70849707152,699.798595321311
"29",2005,16653.5802522159,8776.54461922294,5007.94803748632,758099.925155686,414033.737651862,218768.857124971,54.5195663572042,28.7321644660175,16.3947422240834,2481.82544227494,1355.44066153754,716.193337545395
"30",2006,15183.1423585536,7996.13268686778,4569.59748865,773283.06751424,422029.87033873,223338.454613621,49.7057284254475,26.1772952134236,14.9596945362555,2531.53117070039,1381.61795675096,731.15303208165
"31",2007,24785.6273302206,13043.971042924,7465.96498852996,798068.694844461,435073.841381654,230804.419602151,81.1418105578285,42.7026281475732,24.4416616396082,2612.67298125822,1424.32058489853,755.594693721258
"32",2008,31714.9876922957,16662.6983240299,9572.49948050758,829783.682536756,451736.539705684,240376.919082658,103.826765765756,54.5494165944375,31.337917296336,2716.49974702398,1478.87000149297,786.932611017594
"33",2009,23744.5208889684,12448.3764791384,7185.14475402058,853528.203425725,464184.916184822,247562.063836679,77.7334940967955,40.7528037344129,23.5223279481191,2794.23324112077,1519.62280522738,810.454938965713
"34",2010,40825.9969334709,21384.1506806116,12367.7563752738,894354.200359196,485569.066865434,259929.820211953,133.653881940324,70.0062451657464,40.4888741147272,2927.88712306109,1589.62905039313,850.943813080441
"35",2011,32266.9741990436,16871.4820555074,9795.36405976845,926621.174558239,502440.548920942,269725.184271721,105.633828543077,55.2329211820519,32.0675189815992,3033.52095160417,1644.86197157518,883.01133206204
"36",2012,4584.0833439082,2394.5998784724,1393.16731250522,931205.257902147,504835.148799414,271118.351584227,15.007117524888,7.83930812450721,4.56087379353216,3048.52806912906,1652.70127969969,887.572205855572
"37",2013,12932.522426166,6751.98967319085,3932.96464938546,944137.780328313,511587.138472605,275051.316233612,42.3377738540979,22.1042888949783,12.8755212954391,3090.86584298316,1674.80556859467,900.447727151011
"38",2014,6700.38239910775,3495.58597842809,2039.53191918386,950838.162727421,515082.724451033,277090.848152796,21.9353398665246,11.4436552874488,6.6769063541628,3112.80118284968,1686.24922388212,907.124633505174
"39",2015,10398.5254288396,5420.76799045644,3168.09396218974,961236.688156261,520503.492441489,280258.942114986,34.0421151817648,17.746209264724,10.3715301083369,3146.84329803145,1703.99543314684,917.496163613511
"40",2016,3680.28544141904,1918.28296674203,1121.37659531556,964916.97359768,522421.775408231,281380.318710301,12.0483141341454,6.27996826587909,3.67110043448992,3158.89161216559,1710.27540141272,921.167264048001
"41",2017,14079.5060474148,7329.91860273627,4296.26614230954,950074.829269553,513546.152401586,277583.510840183,46.0927051482851,23.9962805356291,14.0648775510412,3110.3022241586,1681.21887962318,908.737485256566
"42",2018,13242.0406845395,6889.00456369938,4044.2486138434,942730.023755971,509169.644256076,275702.302738693,43.3510575426858,22.5528406359177,13.2398365593566,3086.25720768082,1666.89131025742,902.578890626006
