"","year1","IBT_ag","IST","IBR","BT_ag","ST","BR","IBT_ag_m2","IST_m2","IBR_m2","BT_m2","ST_m2","BR_m2"
"1",1959,374.082705366484,256.524676582607,124.189130804651,1221.701958114,842.922601567811,423.961375487978,1.46733632868104,1.00621592966735,0.487130842037888,4.79211586166542,3.30635695744088,1.66298500114202
"2",1960,1063.70005368756,728.515508249745,350.057947602862,3662.78329751628,2524.33473791851,1261.14922070125,4.17235469377454,2.85759607682242,1.37309941436075,14.3672372965396,9.9016822043953,4.94684742404699
"3",1961,2086.15505250095,1426.18154218705,677.825628598206,7020.36722913851,4830.11316758337,2388.63321632444,8.18292599973909,5.59418534490985,2.65876544166567,27.5373325957552,18.9460790909654,9.36939410436887
"4",1962,4064.81873601879,2770.10490505455,1291.76351133691,11614.9479981245,7966.71677575367,3867.75438058843,15.9442179905655,10.8657136593951,5.06693172674817,45.559537794436,31.249380892719,15.1712346805571
"5",1963,8274.11633350023,5618.16138932894,2563.08120121026,19995.0167382182,13658.1779057058,6468.30711238411,32.4551531244508,22.0371917458179,10.0536648873162,78.4302883605099,53.5740902670086,25.3718813377613
"6",1964,12853.8834397764,8695.08109645829,3877.8004674193,32848.9001779946,22353.259002164,10346.1075798034,50.4192518532438,34.1063839376418,15.2106403733533,128.849540213754,87.6804742046503,40.5825217111146
"7",1965,10588.6089620625,7146.17286244681,3142.91155098916,43437.5091400571,29499.4318646109,13489.0191307926,41.5337313843753,28.0308041555408,12.3280446554717,170.383271598129,115.711278360191,52.9105663665863
"8",1966,16435.6846019481,11069.3632393924,4807.7534294914,59873.1937420051,40568.7951040032,18296.772560284,64.4688373913335,43.4194860749158,18.8583732025844,234.852108989462,159.130764435107,71.7689395691707
"9",1967,18615.8630299923,12512.5705041356,5368.99830291106,78489.0567719974,53081.3656081388,23665.770863195,73.0205693067181,49.0804546762293,21.0598515928988,307.872678296181,208.211219111336,92.8287911620695
"10",1968,17609.3290157258,11820.2646503764,5031.15569571513,96098.3857877232,64901.6302585152,28696.9265589102,69.072447931421,46.3648906707131,19.7346667506078,376.945126227601,254.576109782049,112.563457912677
"11",1969,24695.2506564926,16549.996656429,6975.79561443261,120793.636444216,81451.6269149442,35672.7221733428,96.8669171665015,64.9172254828966,27.3625008044222,473.812043394103,319.493335264946,139.925958717099
"12",1970,26990.9133299612,18056.2452723766,7528.72916735177,147784.549774177,99507.8721873208,43201.4513406945,105.871635082764,70.8254732647345,29.5313781085737,579.683678476867,390.31880852968,169.457336825673
"13",1971,30424.3470979333,20331.019118703,8421.82816367658,178208.89687211,119838.891306024,51623.2795043711,119.339250739922,79.7482549286934,33.0345515609046,699.022929216788,470.067063458374,202.491888386578
"14",1972,27616.9097770693,18433.5484182511,7582.23970539222,205825.80664918,138272.439724275,59205.5192097633,108.327100987201,72.3054417447661,29.7412727530136,807.350030203989,542.37250520314,232.233161139591
"15",1973,29077.4132942663,19384.4278979546,7913.90243073118,234903.219943446,157656.867622229,67119.4216404945,114.055913996212,76.0352586669338,31.0422170596542,921.405944200201,618.407763870074,263.275378199246
"16",1974,28950.692952864,19285.3910733732,7837.5061587675,263853.91289631,176942.258695603,74956.927799262,113.558854501467,75.6467875387562,30.7425533125203,1034.96479870167,694.05455140883,294.017931511766
"17",1975,28126.2814965064,18722.1000269221,7574.10496892341,291980.194392816,195664.358722525,82531.0327681854,110.325107358547,73.4372830515902,29.7093643162597,1145.28990606022,767.49183446042,323.727295828025
"18",1976,28079.3270239591,18683.9156049984,7541.70160639479,320059.521416775,214348.274327523,90072.7343745802,110.14092882697,73.2875049713031,29.5822623938035,1255.43083488719,840.779339431723,353.309558221829
"19",1977,33995.9342519637,22603.702859942,9082.29963088508,354055.455668739,236951.977187465,99155.0340054653,133.348771915259,88.6628381726732,35.6252454475488,1388.77960680244,929.442177604396,388.934803669378
"20",1978,48092.9269284823,31945.5561252287,12760.2186459406,402148.382597221,268897.533312694,111915.252651406,188.644109504153,125.30618061197,50.0518524713903,1577.4237163066,1054.74835821637,438.986656140768
"21",1979,46200.1166636815,30665.0812076043,12192.975219012,448348.499260903,299562.614520298,124108.227870418,181.219576840656,120.283528301021,47.8268448043762,1758.64329314725,1175.03188651739,486.813500945144
"22",1980,34138.2972864202,22643.7616396834,8966.66521626434,482486.796547323,322206.376159982,133074.893086682,133.907189744586,88.8199684060522,35.171670409236,1892.55048289184,1263.85185492344,521.98517135438
"23",1981,18263.9164011773,12108.5114448846,4780.75480091777,500750.7129485,334314.887604866,137855.6478876,71.6400615558689,47.495536346496,18.752471304522,1964.19054444771,1311.34739126994,540.737642658902
"24",1982,20278.2302803391,13444.1270086788,5308.48012912117,521028.943228839,347759.014613545,143164.128016721,79.5411911452868,52.7344773875874,20.8224695549873,2043.731735593,1364.08186865752,561.56011221389
"25",1983,15703.9284792728,10408.0731597115,4101.62938791303,536732.871708112,358167.087773257,147265.757404634,61.5985300311354,40.8255811875955,16.0886074692342,2105.33026562413,1404.90744984512,577.648719683124
"26",1984,25656.2660072374,17001.6358498212,6693.85254104993,562389.13771535,375168.723623078,153959.609945684,100.636491959291,66.6887764966527,26.2565814228002,2205.96675758342,1471.59622634177,603.905301105924
"27",1985,28033.8468649429,18564.9808386357,7280.40344513563,590422.984580292,393733.704461713,161240.01339082,109.962533278068,72.8209843304834,28.5573225098346,2315.92929086149,1544.41721067226,632.462623615759
"28",1986,16544.2912670988,10951.8929918706,4284.66033041351,606967.275847391,404685.597453584,165524.673721233,64.8948461402715,42.9587099971792,16.8065448326859,2380.82413700176,1587.37592066943,649.269168448444
"29",1987,8183.99901553852,5415.11788215307,2112.59582786682,615151.27486293,410100.715335737,167637.2695491,32.1016686874759,21.2407552623667,8.28663972319186,2412.92580568924,1608.6166759318,657.555808171636
"30",1988,12517.1939210874,8282.60209866242,3232.18974104252,627668.468784017,418383.3174344,170869.459290143,49.0985899911175,32.4884384683614,12.678237620142,2462.02439568035,1641.10511440016,670.234045791778
"31",1989,20410.9272731014,13508.0314677572,5276.64206456481,648079.396057119,431891.348902157,176146.101354707,80.0616940057332,52.9851421016339,20.6975850091683,2542.08608968609,1694.0902565018,690.931630800947
"32",1990,40387.2724265143,26709.4410126802,10388.417786822,688466.668483633,458600.789914837,186534.51914153,158.418743228732,104.767562238071,40.7484831494324,2700.50483291482,1798.85781873987,731.680113950379
"33",1991,23890.5783163979,15790.2119612461,6119.3353884611,712357.246800031,474391.001876083,192653.854529991,93.710596544437,61.9369762780438,24.0030426268324,2794.21542945926,1860.79479501791,755.683156577212
"34",1992,17469.4818242777,11546.3180737891,4474.94065316447,729826.728624308,485937.319949872,197128.795183155,68.52389847556,45.2903374818654,17.5529178304221,2862.73932793482,1906.08513249978,773.236074407634
"35",1993,18540.4991830081,12251.6667549513,4742.31663681932,748367.227807316,498188.986704823,201871.111819974,72.7249552380573,48.0570618703733,18.6016979226459,2935.46428317287,1954.14219437015,791.837772330279
"36",1994,5457.62048802225,3605.84398061463,1394.36434893873,753824.848295339,501794.830685438,203265.476168913,21.4074713835902,14.1438932952759,5.46938266662461,2956.87175455646,1968.28608766543,797.307154996904
"37",1995,5881.12670210806,3887.29787718772,1507.00711412847,759705.974997447,505682.128562626,204772.483283042,23.0686710178835,15.247893884894,5.91122298470097,2979.94042557435,1983.53398155032,803.218377981605
"38",1996,18929.7015204257,12507.6440218297,4838.39366147422,778635.676517872,518189.772584455,209610.876944516,74.2515981988458,49.0611305899878,18.978559260006,3054.19202377319,2032.59511214031,822.196937241611
"39",1997,28867.2410082336,19057.5240266718,7333.99260176071,807502.917526106,537247.296611127,216944.869546277,113.231514936449,74.7529809261069,28.7675255350248,3167.42353870964,2107.34809306641,850.964462776636
"40",1998,20048.7125586713,13235.6984510641,5093.6494526164,827551.630084777,550482.995062191,222038.518998893,78.6409097736865,51.9169180881725,19.9797979969912,3246.06444848333,2159.26501115459,870.944260773627
"41",1999,4309.92489110259,2846.10306930288,1097.15533090373,831861.55497588,553329.098131494,223135.674329797,16.9056448637631,11.1638158322967,4.30358274292289,3262.97009334709,2170.42882698688,875.24784351655
"42",2000,14147.9688352954,9343.49634337113,3603.68505136613,846009.523811175,562672.594474865,226739.359381163,55.4952911515598,36.6497873995414,14.1354249130922,3318.46538449865,2207.07861438642,889.383268429642
"43",2001,15208.9258024267,10043.3823641677,3871.8338145779,861218.449613602,572715.976839033,230611.193195741,59.6568861109251,39.3950845477877,15.1872362267589,3378.12227060958,2246.47369893421,904.570504656401
"44",2002,13919.1642321647,9188.69223505888,3535.23201179132,875137.613845767,581904.669074092,234146.425207532,54.5978069815439,36.0425695605528,13.866918429537,3432.72007759112,2282.51626849476,918.437423085938
"45",2003,16875.6032707653,11136.7065624673,4276.12713654753,892013.217116532,593041.375636559,238422.55234408,66.1944147440426,43.6836397046463,16.7730734500756,3498.91449233516,2326.19990819941,935.210496536014
"46",2004,12891.1174193034,8501.43003168109,3250.74905327563,904904.334535836,601542.80566824,241673.301397355,50.5653018310631,33.3467892320887,12.751036369414,3549.47979416623,2359.5466974315,947.961532905428
"47",2005,3188.85954314617,2102.70651054777,803.39711545858,908093.194078982,603645.512178788,242476.698512814,12.5082752760129,8.24784895751378,3.15131856393902,3561.98806944224,2367.79454638901,951.112851469367
"48",2006,8138.20334759694,5368.36008692181,2056.0336493732,916231.397426579,609013.87226571,244532.732162187,31.9220355574143,21.0573481959411,8.06477504422542,3593.91010499965,2388.85189458496,959.177626513592
"49",2007,6786.20760963437,4475.67229018315,1712.16338894524,918193.67093994,610242.89637329,244839.666252726,26.6188434181496,17.5557876705978,6.71594678181047,3601.60710668313,2393.67273151755,960.381572954039
"50",2008,3657.25478805488,2411.57321793762,921.43597314771,921850.925727995,612654.469591227,245761.102225874,14.3455517637421,9.4593760716294,3.61432501037066,3615.95265844687,2403.13210758918,963.99589796441
"51",2009,15531.9873732712,10241.35472538,3912.2439674976,937382.913101266,622895.824316607,249673.346193371,60.9240924599503,40.171629502992,15.3457447185336,3676.87675090682,2443.30373709217,979.341642682943
"52",2010,26834.9037737533,17686.1613220796,6737.54714455711,959393.882778746,637335.337456083,255005.664039522,105.259688884339,69.3738220198566,26.4279731449344,3763.21459805648,2499.94260837403,1000.25761548651
"53",2011,27372.5783715865,18034.9265816522,6857.56795667544,978873.173879592,650076.681647483,259620.696323847,107.368713062928,70.7418508760725,26.8987537912797,3839.62195685491,2549.92042595304,1018.36004158555
"54",2012,4063.85653779933,2678.80331392125,1021.49567606882,982937.030417391,652755.484961404,260642.191999916,15.94044377598,10.5075839206652,4.00680837040554,3855.56240063089,2560.42800987371,1022.36684995596
"55",2013,9308.71415648344,6135.0598559693,2337.08971804608,992245.744573875,658890.544817374,262979.281717962,36.5133545581426,24.0647217210352,9.16721515718377,3892.07575518903,2584.49273159474,1031.53406511314
"56",2014,4488.46661304638,2958.05602025779,1126.53474289866,948832.395884345,629985.839642201,251259.590572022,17.6059732965805,11.6029503597222,4.41882324433346,3721.78725275897,2471.11426377225,985.563673184674
"57",2015,8752.86715019649,5769.25953131456,2198.98861919531,957585.263034541,635755.099173515,253458.579191217,34.3330492571681,22.6298729624341,8.62551473514478,3756.12030201614,2493.74413673468,994.189187919819
"58",2016,3763.88988968791,2480.32814392298,944.079596459614,924786.354913778,613877.868660766,244490.146223647,14.7638270710314,9.72906670214185,3.70314443618714,3627.46685523485,2407.93088035642,959.010583520653
"59",2017,10190.8407245086,6713.60225971179,2550.87673664431,912677.286066488,605747.761869276,241031.078295101,39.9734887509007,26.3340495314779,10.0057929756431,3579.96913248201,2376.04060347361,945.442418079917
