"","year1","IBT_ag","IST","IBR","BT_ag","ST","BR","IBT_ag_m2","IST_m2","IBR_m2","BT_m2","ST_m2","BR_m2"
"1",1963,0.363796348472858,0.0558256820328691,0.0306313289599995,0.363796348472858,0.0558256820328691,0.0306313289599995,0.000727432830711677,0.000111626832094522,6.1249197325287e-05,0.000727432830711677,0.000111626832094522,6.1249197325287e-05
"2",1964,9.21987376640603,1.96625518924939,0.987746190260275,9.58367011487889,2.02208087128226,1.01837751922027,0.0184356959624663,0.0039316463296605,0.00197505832651125,0.019163128793178,0.00404327316175502,0.00203630752383654
"3",1965,29.5674314919058,7.72387721972941,3.67556578443215,39.1511016067846,9.74595809101166,4.69394330365242,0.0591218699069357,0.0154443602680536,0.00734951638261411,0.0782849987001138,0.0194876334298086,0.00938582390645065
"4",1966,154.92380860525,46.9586554073403,21.4409363900387,194.074910212035,56.7046134983519,26.1348796936912,0.309779537676583,0.0938966753590828,0.0428724508005295,0.388064536376697,0.113384308788891,0.0522582747069801
"5",1967,589.297273832635,196.907534318716,87.48768227342,783.37218404467,253.612147817068,113.622561967111,1.17833558757319,0.393728539825095,0.174936919063952,1.56640012394989,0.507112848613987,0.227195193770932
"6",1968,1351.45960581314,496.326908215414,215.057766778467,2134.83178985781,749.939056032482,328.680328745578,2.70232532782688,0.992435711125479,0.430021028828065,4.26872545177677,1.49954855973947,0.657216222598997
"7",1969,3504.40773139653,1389.28820532306,590.025360939663,5639.23952125434,2139.22726135555,918.705689685241,7.00727549003382,2.77796590349202,1.17979144183752,11.2760009418106,4.27751446323149,1.83700766443652
"8",1970,4361.72564881654,1884.83704711206,782.531049939021,10000.9651700709,4024.0643084676,1701.23673962426,8.7215345861094,3.76884582367724,1.56471822536556,19.99753552792,8.04636028690873,3.40172588980208
"9",1971,7305.36109538755,3250.70266881481,1339.07984336907,17327.0177871738,7279.88644577801,3042.78568779416,14.6075119315971,6.49997685272089,2.67757124308681,34.6464214102902,14.5565738269277,6.08423425747006
"10",1972,13152.168955697,6178.13416128417,2508.37272396748,30737.4703017564,13538.391374873,5587.60695549621,26.2985583379343,12.3535534106515,5.01564317161297,61.461433366176,27.0708334551664,11.1727584996475
"11",1973,19262.1602483113,9541.02963403931,3819.09013416197,52676.7956901888,24305.2273130059,9907.91535143128,38.515855955867,19.077866569381,7.63650201190447,105.330443152025,48.5997739658723,19.8114767803423
"12",1974,25450.317998961,12974.8559235566,5153.47842328595,78277.0384497896,37323.852322116,15081.5844289437,50.8894521404956,25.9440101918811,10.3046922081521,156.519678931042,74.6313030950257,30.1565414243904
"13",1975,30869.737130455,16180.8588284218,6381.3927108236,112512.032765908,54962.5532329158,22068.0000430013,61.7259089003957,32.3546071595138,12.7599811900355,224.974623378154,109.900953786907,44.1263025503498
"14",1976,50563.3032051775,27393.8716311313,10710.7963998059,163075.335971085,82356.4248640471,32778.7964428072,101.104386932623,54.775705331943,21.41688606,326.079010310777,164.67665911885,65.5431886103498
"15",1977,62894.9243473561,35541.824803964,13742.7843088771,226064.462538789,117926.847419597,46534.6410163737,125.762210224074,71.0680311507716,27.4795295049872,452.029583579435,235.801873205832,93.0488329055286
"16",1978,81840.6492356707,48284.8219314806,18456.5501823602,307905.11177446,166211.669351078,64991.1911987339,163.645334513925,96.5484256383258,36.9049898402926,615.674918093361,332.350298844157,129.953822745821
"17",1979,77151.296850213,46920.1415489691,17788.9067174613,385234.188076838,213190.157798454,82806.1911016807,154.268690426436,93.8196645668245,35.5699962989439,770.299089300936,426.286631567906,165.575993949378
"18",1980,82360.1547949121,51298.9792186897,19325.4563837183,467594.34287175,264489.137017144,102131.647485399,164.684117341504,102.575415675056,38.6424204119027,934.98320664244,528.862047242961,204.21841436128
"19",1981,69101.7811995134,43854.9100301204,16437.74496544,536696.124071263,308344.047047264,118569.392450839,138.173196394607,87.6905485108146,32.8682665478121,1073.15640303705,616.552595753776,237.086680909092
"20",1982,80300.5971336631,51899.1669589853,19358.7781299028,616996.721204926,360243.21400625,137928.170580742,160.565907068571,103.775527409861,38.7090492614032,1233.72231010562,720.328123163637,275.795730170496
"21",1983,59298.7998715302,38936.8724797594,14461.7761231524,676295.521076457,399180.086486009,152389.946703894,118.571541549078,77.8566345866556,28.9171971806312,1352.2938516547,798.184757750293,304.712927351127
"22",1984,80016.0823961673,53154.3248099996,19681.4626872793,756311.603472624,452334.411296009,172071.409391173,159.997002620397,106.285291546819,39.3542765760388,1512.29085427509,904.470049297112,344.067203927166
"23",1985,66404.2472240148,44719.3998937079,16497.1805789249,822715.850696639,497053.811189717,188568.589970098,132.779313844726,89.4191483475938,32.9871116564667,1645.07016811982,993.889197644706,377.054315583632
"24",1986,55191.2288736296,37556.5825843078,13816.3566690213,877907.079570268,534610.393774024,202384.94663912,110.358204579384,75.0966613486999,27.6266418947253,1755.4283726992,1068.98585899341,404.680957478358
"25",1987,50975.0153601904,34954.3495516386,12832.6652706233,928882.094930459,569564.743325663,215217.611909743,101.927630320349,69.8933388055459,25.6596913701055,1857.35600301955,1138.87919779895,430.340648848463
"26",1988,59720.3452040138,41178.9390422157,15095.4712718179,988602.440134473,610743.682367879,230313.083181561,119.414446970667,82.3397824605087,30.184309007721,1976.77044999022,1221.21898025946,460.524957856184
"27",1989,61669.7765781882,42650.8790576314,15622.7613207879,1050272.21671266,653394.56142551,245935.844502349,123.312453063214,85.283015663773,31.23865739395,2100.08290305343,1306.50199592323,491.763615250134
"28",1990,66488.1880581022,46335.4605124627,16937.3019664091,1116760.40477076,699730.021937973,262873.146468758,132.947158626041,92.6505594253499,33.8671610250169,2233.03006167947,1399.15255534858,525.630776275151
"29",1991,49109.5014943695,34484.9043290973,12580.0165904388,1165869.90626513,734214.92626707,275453.163059197,98.1974223678988,68.9546546529127,25.1545050333717,2331.22748404737,1468.1072100015,550.785281308523
"30",1992,44248.2305304788,31236.4606492638,11378.986809847,1210118.13679561,765451.386916334,286832.149869044,88.4770166712392,62.4591947854669,22.7529732512843,2419.70450071861,1530.56640478696,573.538254559807
"31",1993,35773.8538673376,25276.102688726,9205.50910035939,1245891.99066295,790727.48960506,296037.658969403,71.5319873149436,50.541098076994,18.4069729427648,2491.23648803356,1581.10750286396,591.945227502572
"32",1994,28074.8794379107,19841.8563109176,7225.86996182124,1273966.87010086,810569.345915977,303263.528931224,56.1374216842424,39.6749933401323,14.4485645959535,2547.3739097178,1620.78249620409,606.393792098525
"33",1995,7925.86363927682,5597.9912413677,2038.85809997379,1281892.73374014,816167.337157345,305302.387031198,15.8482443464768,11.1935225081323,4.07682024657269,2563.22215406427,1631.97601871222,610.470612345098
"34",1996,33438.9339803899,23671.546974158,8617.00884824456,1315331.66772053,839838.884131503,313919.395879443,66.863173595462,47.3326917519098,17.2302310483849,2630.08532765974,1679.30871046413,627.700843393483
"35",1997,31974.5433928339,22782.4014874662,8278.56840825474,1347306.21111336,862621.285618969,322197.964287697,63.9350359304056,45.5547915035599,16.5534988922691,2694.02036359014,1724.86350196769,644.254342285752
"36",1998,64047.1671756639,45905.9803995923,16654.7917409256,1411353.37828902,908527.266018562,338852.756028623,128.066189540473,91.7917879298383,33.3022647200068,2822.08655313062,1816.65528989753,677.556607005759
"37",1999,36810.2778075408,26602.714096087,9629.94585758069,1448163.65609657,935129.980114649,348482.701886204,73.6043797504482,53.1937379271793,19.2556599432244,2895.69093288106,1869.84902782471,696.812266948983
"38",2000,74155.9150757328,53764.3352131877,19446.1739474674,1522319.5711723,988894.315327836,367928.875833671,148.279243164475,107.50504429095,38.8838024914184,3043.97017604554,1977.35407211566,735.696069440402
"39",2001,77588.2292245958,56415.4469495944,20389.2199945607,1599907.80039689,1045309.76227743,388318.095828232,155.14236317016,112.80610276238,40.7694801745735,3199.1125392157,2090.16017487804,776.465549614975
"40",2002,58634.3606794388,42814.7007086872,15456.206184089,1658542.16107633,1088124.46298612,403774.302012321,117.242955145263,85.6105869762935,30.9056203113431,3316.35549436096,2175.77076185433,807.371169926318
"41",2003,62919.434579352,46093.051814093,16625.3687930453,1721461.59565568,1134217.51480021,420399.670805366,125.811219917319,92.1658485524003,33.2434317538314,3442.16671427828,2267.93661040673,840.61460168015
"42",2004,70120.2756699251,51614.642040068,18593.146023108,1791581.87132561,1185832.15684028,438992.816828474,140.209737769433,103.206602603318,37.1781214962748,3582.37645204771,2371.14321301005,877.792723176424
"43",2005,34133.0784123446,25244.7503668592,9082.21506879864,1825714.94973795,1211076.90720714,448075.031897273,68.2511574253691,50.4784072106874,18.1604390598257,3650.62760947308,2421.62162022074,895.95316223625
"44",2006,39650.829050303,29363.1502309239,10560.3546657535,1865365.77878826,1240440.05743806,458635.386563026,79.284233987518,58.7133971540859,21.1160687018316,3729.9118434606,2480.33501737482,917.069230938082
"45",2007,35688.8376054592,26390.3046971869,9494.87205827545,1901054.61639372,1266830.36213525,468130.258621302,71.3619921506315,52.7690124703123,18.9855717012834,3801.27383561123,2533.10402984514,936.054802639365
"46",2008,46072.9314728455,34280.5585823576,12313.3244878802,1947127.54786656,1301110.92071761,480443.583109182,92.125616711564,68.5460529568848,24.6212380231144,3893.3994523228,2601.65008280202,960.676040662479
"47",2009,42106.9054701404,31392.7715715778,11269.8055908283,1989234.4533367,1332503.69228918,491713.38870001,84.1953075318964,62.7717479410095,22.5346587917118,3977.59475985469,2664.42183074303,983.210699454191
"48",2010,53124.2227458892,39751.9848699461,14256.7583880598,2042358.67608259,1372255.67715913,505970.14708807,106.225100646613,79.4865011750113,28.5072518031953,4083.81986050131,2743.90833191804,1011.71795125739
"49",2011,74282.1573341903,55789.8447322113,19988.6056907859,2116640.83341678,1428045.52189134,525958.752778856,148.531672205642,111.555173241507,39.9684276124963,4232.35153270695,2855.46350515955,1051.68637886988
"50",2012,34937.4494953017,26421.3900464316,9448.59328823952,2151578.28291208,1454466.91193777,535407.346067096,69.8595461194127,52.8311695086929,18.8930344978991,4302.21107882636,2908.29467466824,1070.57941336778
"51",2013,82947.5441426859,62692.9377981415,22423.5584095909,2234525.82705477,1517159.84973591,557830.904476686,165.858637915376,125.358325886373,44.837263037384,4468.06971674174,3033.65300055462,1115.41667640517
"52",2014,51234.0484455029,39036.3074789239,13932.0843221597,2285759.87550027,1556196.15721484,571762.988798846,102.445582661784,78.0554608893871,27.8580463457801,4570.51529940352,3111.708461444,1143.27472275095
"53",2015,45994.1110644784,35003.1125529447,12496.5214468612,2331753.98656475,1591199.26976778,584259.510245707,91.9680105315761,69.9908433798029,24.987551437223,4662.4833099351,3181.69930482381,1168.26227418817
"54",2016,35663.4101957026,27268.1287122409,9722.70221580149,2367417.39676045,1618467.39848002,593982.212461509,71.311148504909,54.5242747504807,19.4411318989224,4733.79445844001,3236.22357957429,1187.70340608709
"55",2017,43169.1387877564,33052.791118353,11781.4398921914,2410586.53554821,1651520.18959838,605763.6523537,86.3193073805846,66.0910575575475,23.55770256247,4820.11376582059,3302.31463713183,1211.26110864956
"56",2018,47152.5321360181,36179.4214321162,12888.3605693666,2457739.06768423,1687699.61103049,618652.012923067,94.2843436194798,72.3429442223731,25.7710574929166,4914.39810944007,3374.65758135421,1237.03216614248
